263436
268749
268850
270332
274542
275645
280739
280941
281135
283543
284646
285345
285446
286347
286650
287248
289555
290136
293748
295146
297655
298051
298455
299154
299760
300618
300719
303119
303624
304020
304727
305830
307127
308129
308331
309636
310621
311320
314225
316633
316835
317332
318637
320826
321323
322224
325129
329440
329844
330324
333330
334635
336841
339847
341834
342129
346137
346945
348545
349244
350330
351938
352132
352738
353740
355239
356948
358144
360030
361234
361941
362034
365343
366042
366446
368551
368753
371843
376247
377451
378756
378857
379657
380036
381038
381543
382242
385046
385450
386250
387959
389357
390645
391748
392447
392750
393247
393550
394956
395251
395756
395958
397154
397760
397861
401422
406432
406836
412528
413934
414229
415837
419239
421226
422632
424939
429040
432332
433839
436239
