172029
172130
172332
172433
172534
172635
172938
173132
173233
173334
173435
173536
173637
173738
173839
173940
174437
174841
175035
175136
175237
175338
175439
175540
175742
176037
176239
176441
176542
176744
176845
177140
177241
177342
177645
177746
178142
178243
178647
178748
178849
178950
179245
179346
179952
180129
180230
180432
180533
180735
180836
180937
181131
181232
181636
182032
182436
182739
182840
183034
183337
183741
185038
185139
185341
185442
185846
185947
186040
186141
186444
186545
186848
186949
187143
187345
187547
187850
188145
188347
188448
188549
188751
189349
189450
189652
190031
190132
191033
191235
191336
191437
191841
191942
192035
192136
192237
192439
192540
192641
192843
193239
193441
193845
194140
194443
194645
194746
194847
195041
195445
195647
195849
195950
196144
196346
196750
196851
196952
197348
