197550
197651
198047
198249
198350
198451
198653
198855
199150
199251
199352
199453
199655
199958
200008
200109
200210
200311
200513
200614
200917
201111
201414
201515
201717
201818
202113
202719
202820
203418
203923
204016
204218
204319
204420
204521
204622
205119
205220
205725
205826
206222
206323
206525
206727
206828
206929
207123
207426
208024
208125
208226
208327
208428
208630
209127
209228
209329
209531
209834
209935
210011
210112
210415
210617
211114
211215
211316
211417
211619
211720
211821
211922
212015
212116
212217
212318
212419
212823
213017
213421
213522
214019
214221
214423
214524
214625
214726
217126
217429
219231
220721
221218
221319
223929
224022
227432
227533
228434
231928
233326
236130
237334
238033
239136
239944
245333
246133
248238
248339
249947
250427
250932
251833
255639
255740
256540
257542
257845
257946
