623137
623844
626648
627549
627852
628248
633847
634748
635245
638049
644044
644246
645450
645551
647858
654350
654552
654754
656253
656657
657659
660951
662551
663755
664757
665254
667056
668361
671855
672756
673455
675661
677766
677968
679568
679770
680250
680452
680957
683256
685058
686969
687163
688569
689470
690152
692964
693461
693764
694362
695768
698168
700634
701535
702133
704238
705341
706040
707749
709551
713239
715041
715647
715950
720337
723141
724446
725751
727553
727654
728454
729254
729557
731140
732243
734045
734247
735148
737960
742549
744553
748258
748662
749058
749361
751348
751550
753150
753251
756055
757764
759869
760551
761957
763557
765056
765864
766563
767464
769064
770352
771354
773257
774663
779370
782561
783462
784565
786569
788674
788876
789373
792564
792766
792867
793465
800941
802844
803240
804646
