187547
187850
188145
188347
188448
188549
188751
189349
189450
189652
190031
190132
191033
191235
191336
191437
191841
191942
192035
192136
192237
192439
192540
192641
192843
193239
193441
193845
194140
194443
194645
194746
194847
195041
195445
195647
195849
195950
196144
196346
196750
196851
196952
197348
197550
197651
198047
198249
198350
198451
198653
198855
199150
199251
199352
199453
199655
199958
200008
200109
200210
200311
200513
200614
200917
201111
201414
201515
201717
201818
202113
202719
202820
203418
203923
204016
204218
204319
204420
204521
204622
205119
205220
205725
205826
206222
206323
206525
206727
206828
206929
207123
207426
208024
208125
208226
208327
208428
208630
209127
209228
209329
209531
209834
209935
210011
210112
210415
210617
