164939
165032
165234
165436
165638
165840
165941
166438
166640
167036
167238
167440
167743
168139
168240
168341
168745
168947
169040
169141
169343
169444
169545
169747
169949
170631
170934
171128
171330
171431
171532
171633
171734
172029
172130
172332
172433
172534
172635
172938
173132
173233
173334
173435
173536
173637
173738
173839
173940
174437
174841
175035
175136
175237
175338
175439
175540
175742
176037
176239
176441
176542
176744
176845
177140
177241
177342
177645
177746
178142
178243
178647
178748
178849
178950
179245
179346
179952
180129
180230
180432
180533
180735
180836
180937
181131
181232
181636
182032
182436
182739
182840
183034
183337
183741
185038
185139
185341
185442
185846
185947
186040
186141
186444
186545
186848
186949
187143
187345
