341834
342129
346137
346945
348545
349244
350330
351938
352132
352738
353740
355239
356948
358144
360030
361234
361941
362034
365343
366042
366446
368551
368753
371843
376247
377451
378756
378857
379657
380036
381038
381543
382242
385046
385450
386250
387959
389357
390645
391748
392447
392750
393247
393550
394956
395251
395756
395958
397154
397760
397861
401422
406432
406836
412528
413934
414229
415837
419239
421226
422632
424939
429040
432332
433839
436239
436845
441939
445543
448347
449753
453441
453542
454140
456346
459453
461743
462139
463040
465852
467351
468050
469961
473952
475855
479762
480141
481042
481951
485757
486759
492754
495255
497865
499566
500222
506234
510225
510326
512835
513130
513736
516742
517239
518746
519647
519950
520228
521331
