144125
144226
144428
144731
144832
144933
145127
145531
145632
145834
146129
146331
146432
146533
146634
146735
146836
146937
147030
147636
147737
148032
148133
148335
148436
148840
148941
149236
149337
149539
149741
149842
150019
150423
150524
150625
150726
150928
151021
151223
151324
151425
151526
151627
151728
151829
151930
152225
152427
152831
153025
153126
153227
153429
153631
153732
153833
153934
154229
154330
154431
154532
154734
154835
154936
155231
155635
155938
156031
156233
156334
156435
156536
156637
157336
157437
157942
158035
158136
158338
158540
158843
159138
159239
159340
159441
159744
159845
159946
160123
160729
160830
160931
161327
161630
161731
161832
162026
162228
162329
162733
162935
163129
163331
163432
163836
164030
164131
164636
